30848500
30843663
30842342
30773559
30643969
30542790
30538558
30344734
30320899
30249899
30143034
30066882
30045295
29956783
29940632
29731995
29545845
29328462
29246119
29237428
30668358
28796247
29516630
28404875
29851970
28644424
27572663
17235726
28987383
30668360
29156797
28432456
30668408
30668391
30666790
30685130
30486290
30660651
30662662
28714960
24998847
25340791
25754026
26171037
26796853
10845553
30425532
30443189
30468498
30697812
30635434
30791942
30021836
30375484
28507441
29066508
29172290
29566943
30014643
30078020
30178167
30385371
30410866
30745738
30047193
30156405
30215037
30334403
30452490
30464681
30700828
30712155
30773851
30808718
30810286
30814494
30815801
30816447
30816464
30819158
30825015
30825132
30832661
30834050
30834052
30841910
30841426
30850021
28745322
28912139
28396580
28662516
28832075
24126199
27708247
27614750
28269748
28716024
27072261
28404957
